0 14 0 100 0 0 200 250 0 0 100 0 0 0 0 0 0 0 0 0 0 0 0 0 32 0 
14 0 0 0 0 0 0 0 0 0 90 0 0 0 0 0 0 0 0 0 0 0 0 0 0 0 
0 0 0 0 0 0 0 50 137 0 0 0 0 0 0 0 0 0 0 0 264 0 0 219 0 0 
100 0 0 0 0 0 100 150 0 0 0 0 0 0 0 0 0 0 0 0 0 0 0 0 68 0 
0 0 0 0 0 0 0 0 0 70 0 50 0 0 0 0 0 0 0 0 0 0 0 0 0 90 
0 0 0 0 0 0 0 0 0 0 0 0 0 53 0 0 0 0 0 0 0 64 0 0 0 0 
200 0 0 100 0 0 0 50 0 0 0 0 0 0 0 0 0 0 0 0 0 0 0 0 168 0 
250 0 50 150 0 0 50 0 0 0 0 0 0 0 0 0 0 0 0 0 0 0 0 0 218 0 
0 0 137 0 0 0 0 0 0 0 0 0 0 0 0 0 0 0 0 0 150 10 0 100 0 0 
0 0 0 0 70 0 0 0 0 0 0 116 0 0 0 0 0 0 0 0 0 0 0 0 0 29 
100 90 0 0 0 0 0 0 0 0 0 0 0 0 0 0 80 0 100 0 0 0 0 0 0 0 
0 0 0 0 50 0 0 0 0 116 0 0 0 0 36 0 0 0 0 0 0 0 0 0 0 140 
0 0 0 0 0 0 0 0 0 0 0 0 0 0 0 0 0 0 0 0 0 0 0 0 0 0 
0 0 0 0 0 53 0 0 0 0 0 0 0 0 44 0 0 0 0 0 0 116 0 0 0 0 
0 0 0 0 0 0 0 0 0 0 0 36 0 44 0 0 0 0 0 0 0 0 0 0 0 0 
0 0 0 0 0 0 0 0 0 0 0 0 0 0 0 0 0 0 0 0 0 0 0 0 0 0 
0 0 0 0 0 0 0 0 0 0 80 0 0 0 0 0 0 0 20 0 0 0 0 0 0 0 
0 0 0 0 0 0 0 0 0 0 0 0 0 0 0 0 0 0 0 0 0 0 0 0 0 0 
0 0 0 0 0 0 0 0 0 0 100 0 0 0 0 0 20 0 0 94 0 0 0 0 0 0 
0 0 0 0 0 0 0 0 0 0 0 0 0 0 0 0 0 0 94 0 143 0 0 0 0 0 
0 0 264 0 0 0 0 0 150 0 0 0 0 0 0 0 0 0 0 143 0 0 0 50 0 0 
0 0 0 0 0 64 0 0 10 0 0 0 0 116 0 0 0 0 0 0 0 0 0 100 0 0 
0 0 0 0 0 0 0 0 0 0 0 0 0 0 0 0 0 0 0 0 0 0 0 0 0 0 
0 0 219 0 0 0 0 0 100 0 0 0 0 0 0 0 0 0 0 0 50 100 0 0 0 0 
32 0 0 68 0 0 168 218 0 0 0 0 0 0 0 0 0 0 0 0 0 0 0 0 0 0 
0 0 0 0 90 0 0 0 0 29 0 140 0 0 0 0 0 0 0 0 0 0 0 0 0 0 
 0 168 218 0 0 0 0 0 0 0 0 0 0 0 0 0 0 0 0 0 0 0 0 
0 0 0 0 90 0 0 0 0 29 0 140 0 0 0 0 0 0 0 0 0 0 0 0 0 0 0 0 
0 0 0 0 0 0 0 0 0 0 0 0 0 0 0 0 15 0 9 0 0 0 0 0 0 0 0 0 
0 0 224 0 0 0 0 0 119 0 0 0 0 0 0 0 0 0 0 0 41 122 0 30 0 0 0 0 
